15
19
9
22
4
10
0
3
0
0
0
0
0
0
1
0
0
0
4
11
0
13
0
0
2
1
0
11
7
48
2
2
1
7
1
1
1
1
2
1
5
6
15
5
1
1
0
0
0
1
1
1
0
0
0
0
1
0
0
0
0
1
0
2
0
0
1
2
0
0
0
6
0
10
2
0
0
0
0
8
18
4
4
3
0
7
1
0
0
6
1
1
3
0
0
18
0
0
0
0
0
0
0
0
0
0
0
0
0
0
0
0
0
0
0
0
0
0
0
0
0
0
0
0
0
0
0
0
0
0
0
0
0
0
0
0
0
0
0
0
0
0
0
0
0
0
0
0
0
0
0
0
0
0
0
5
0
0
0
0
0
0
0
0
0
0
0
0
0
0
0
0
0
0
0
0
0
0
0
0
0
0
0
0
0
0
0
0
0
0
0
0
0
0
0
0
0
0
0
0
0
0
0
0
0
0
0
0
0
0
0
0
0
0
0
0
0
0
0
0
0
0
0
0
0
0
0
0
0
0
0
0
0
0
0
0
0
0
0
0
0
0
0
0
0
0
0
0
0
0
0
0
0
0
0
0
0
0
0
0
0
0
0
0
0
0
0
0
0
0
0
0
0
0
0
0
0
0
0
0
0
0
0
0
0
0
0
0
0
0
0
0
0
0
0
0
0
0
0
0
0
0
0
0
0
0
0
0
0
0
0
0
0
0
0
0
0
0
0
0
0
0
0
0
0
0
0
0
0
0
0
0
0
0
0
0
0
0
0
0
0
0
0
0
0
0
0
0
0
0
0
0
0
0
0
0
0
0
0
0
0
0
0
0
0
0
0
0
0
0
0
0
0
0
0
0
0
0
0
0
0
0
0
0
0
0
5
10
1
1
0
6
3
6
5
0
0
0
0
0
0
0
0
3
3
3
3
0
2
0
5
4
1
2
2
7
7
7
7
7
1
1
1
1
5
2
11
11
4
4
2
9
3
3
8
